 	Area	XM	YM	Circ.	Slice	AR	Round	Solidity
1	40	821.450	579.925	0.082	9	31.390	0.032	0.537
2	1617	831.630	580.768	0.003	10	541.070	0.002	0.345
3	32	822.625	359.406	0.100	10	18.028	0.055	0.542
4	28	824.393	389.750	0.131	10	8.270	0.121	0.455
5	36	824.472	428.028	0.199	10	7.087	0.141	0.649
6	25	824.420	445.540	0.262	10	4.678	0.214	0.625
7	24	825.292	536.375	0.188	10	7.289	0.137	0.545
8	22	0.682	566.318	0.142	10	12.739	0.078	0.629
9	59	825.907	586.500	0.086	10	18.510	0.054	0.599
10	41	1.110	598.549	0.134	10	12.259	0.082	0.626
11	23	1.326	619.717	0.220	10	5.403	0.185	0.639
12	33	826.288	638.894	0.114	10	13.398	0.075	0.516
13	33	1.530	635.712	0.127	10	5.617	0.178	0.541
14	98	826.929	694.622	0.073	10	27.240	0.037	0.573
15	41	2.012	685.720	0.137	10	9.407	0.106	0.480
16	34	2.324	707.471	0.166	10	5.829	0.172	0.459
17	110	827.427	765.282	0.043	10	45.399	0.022	0.554
18	39	3.013	759.218	0.179	10	6.884	0.145	0.531
19	26	3.308	789.731	0.229	10	4.797	0.208	0.675
20	24	3.708	811.708	0.165	10	4.310	0.232	0.533
21	59	828.076	826.161	0.124	10	18.467	0.054	0.843
22	28	4.143	845.107	0.222	10	7.934	0.126	0.651
23	22	828.409	856.682	0.202	10	7.362	0.136	0.557
24	34	4.088	878.676	0.137	10	12.414	0.081	0.739
25	148	829.101	920.649	0.035	10	57.156	0.017	0.570
26	27	4.130	901.130	0.130	10	10.435	0.096	0.675
27	44	826.500	52.000	0.070	11	44.000	0.023	1.000
28	24	827.292	119.542	0.190	11	8.897	0.112	0.558
29	96	827.625	173.417	0.037	11	50.709	0.020	0.432
30	579	829.954	431.961	0.008	11	209.008	0.005	0.322
31	111	832.590	698.653	0.035	11	58.782	0.017	0.426
32	184	834.054	825.799	0.021	11	96.044	0.010	0.413
33	105	835.490	944.395	0.040	11	54.058	0.018	0.498
34	34	836.294	1002.000	0.132	11	13.918	0.072	0.544
35	37	836.500	1035.500	0.083	11	37.000	0.027	1.000
36	46	817.283	146.935	0.091	12	21.633	0.046	0.626
37	1141	821.014	583.762	0.004	12	280.758	0.004	0.294
38	91	826.489	417.522	0.035	12	85.617	0.012	0.672
39	78	827.423	515.756	0.043	12	56.496	0.018	0.642
40	97	828.521	633.820	0.037	12	65.060	0.015	0.505
41	94	829.511	720.223	0.040	12	59.387	0.017	0.514
42	81	830.340	792.475	0.051	12	45.480	0.022	0.681
43	172	831.814	912.186	0.023	12	83.968	0.012	0.527
44	51	823.480	1045.382	0.068	12	32.547	0.031	0.474
45	24	824.292	1096.667	0.149	12	11.655	0.086	0.632
46	1300	1221.623	1130.500	0.006	13	64.196	0.016	0.095
47	33	813.439	26.833	0.100	14	24.700	0.040	0.660
48	24	813.417	61.333	0.140	14	15.921	0.063	0.632
49	1281	820.445	527.728	0.004	14	260.991	0.004	0.309
50	23	825.500	273.500	0.132	14	23.000	0.043	1.000
51	97	826.500	421.500	0.032	14	97.000	0.010	1.000
52	73	827.486	514.651	0.043	14	67.105	0.015	0.673
53	83	828.452	615.693	0.039	14	67.169	0.015	0.678
54	82	829.463	716.122	0.041	14	57.529	0.017	0.441
55	64	830.469	798.500	0.050	14	53.118	0.019	0.660
56	70	831.414	877.400	0.048	14	48.583	0.021	0.562
57	24	832.000	921.000	0.235	14	7.375	0.136	0.814
58	38	832.316	944.263	0.104	14	19.263	0.052	0.650
59	38	823.395	1026.421	0.085	14	23.674	0.042	0.598
60	605	1356.123	1128.341	0.009	14	177.626	0.006	0.258
61	137	1093.069	1131.398	0.038	14	53.983	0.019	0.433
62	93	1001.962	1132.360	0.039	14	50.279	0.020	0.419
63	21	871.500	1133.452	0.137	14	17.166	0.058	0.656
64	40	821.475	573.650	0.084	15	27.127	0.037	0.457
65	21	821.500	603.500	0.144	15	21.000	0.048	1.000
66	38	822.421	696.658	0.082	15	27.059	0.037	0.580
67	65	823.423	767.700	0.054	15	44.782	0.022	0.660
68	72	824.347	844.694	0.048	15	38.676	0.026	0.482
69	66	825.333	926.364	0.050	15	35.478	0.028	0.516
70	22	821.500	572.000	0.138	16	22.000	0.045	1.000
71	23	817.500	122.500	0.132	17	23.000	0.043	1.000
72	66	817.227	183.030	0.057	17	32.302	0.031	0.608
73	35	817.471	230.614	0.105	17	15.580	0.064	0.515
74	46	817.261	266.478	0.074	17	22.988	0.044	0.579
75	150	817.553	348.227	0.027	17	59.736	0.017	0.388
76	50	826.500	428.000	0.062	17	50.000	0.020	1.000
77	131	819.492	476.584	0.030	17	44.641	0.022	0.359
78	21	827.405	507.167	0.161	17	13.177	0.076	0.667
79	116	821.397	585.172	0.031	17	66.347	0.015	0.472
80	91	822.335	675.995	0.040	17	47.437	0.021	0.462
81	83	823.259	757.151	0.044	17	38.878	0.026	0.534
82	31	824.435	857.306	0.106	17	21.747	0.046	0.633
83	981	1262.439	1129.460	0.006	17	211.598	0.005	0.216
84	98	915.571	1133.051	0.067	17	27.854	0.036	0.601
85	47	860.521	1133.457	0.070	17	31.552	0.032	0.480
86	35	821.471	571.443	0.091	18	30.294	0.033	0.680
87	33	823.409	763.500	0.103	18	21.161	0.047	0.641
88	53	827.538	173.198	0.061	19	43.504	0.023	0.635
89	81	828.549	293.759	0.041	19	62.782	0.016	0.648
90	138	829.580	402.283	0.026	19	77.310	0.013	0.466
91	76	830.513	503.132	0.043	19	61.349	0.016	0.429
92	67	831.500	587.097	0.049	19	40.016	0.025	0.372
93	23	831.717	629.457	0.165	19	9.232	0.108	0.548
94	25	832.580	674.100	0.148	19	12.426	0.080	0.515
95	20	832.550	694.750	0.160	19	15.196	0.066	0.690
96	25	833.540	785.420	0.127	19	20.607	0.049	0.685
97	35	834.529	866.500	0.084	19	30.531	0.033	0.660
98	20	829.500	406.000	0.151	20	20.000	0.050	1.000
99	20	829.650	435.300	0.163	20	11.415	0.088	0.656
100	69	830.572	508.935	0.049	20	47.453	0.021	0.627
101	37	831.527	583.230	0.086	20	31.306	0.032	0.679
102	25	831.660	629.620	0.142	20	9.638	0.104	0.481
103	52	832.519	686.769	0.067	20	33.193	0.030	0.446
104	39	833.500	777.500	0.079	20	39.000	0.026	1.000
105	66	834.697	877.485	0.060	20	30.594	0.033	0.526
106	63	835.484	940.516	0.050	20	57.931	0.017	0.674
107	45	836.611	1040.722	0.073	20	25.150	0.040	0.471
108	27	1534.204	1126.426	0.126	21	19.463	0.051	0.684
109	35	1252.986	1129.300	0.093	21	12.696	0.079	0.443
110	30	1572.233	1129.200	0.158	21	7.433	0.135	0.435
111	67	1295.739	1128.828	0.055	21	31.165	0.032	0.510
112	37	1346.365	1128.392	0.096	21	23.345	0.043	0.612
113	33	1418.500	1127.500	0.095	21	33.000	0.030	1.000
114	32	1167.188	1130.469	0.101	21	26.772	0.037	0.681
115	31	1219.242	1129.855	0.120	21	13.239	0.076	0.633
116	21	1132.595	1131.024	0.203	21	7.268	0.138	0.712
117	20	1082.000	1131.500	0.155	21	20.000	0.050	1.000
118	44	826.500	52.000	0.070	22	44.000	0.023	1.000
119	36	827.444	128.306	0.086	22	27.654	0.036	0.626
120	81	827.636	184.920	0.046	22	47.435	0.021	0.675
121	515	829.890	429.985	0.008	22	250.306	0.004	0.375
122	88	832.557	696.182	0.039	22	52.563	0.019	0.451
123	56	833.571	784.786	0.060	22	39.822	0.025	0.571
124	50	834.540	875.700	0.065	22	40.666	0.025	0.637
125	32	835.531	943.062	0.099	22	27.375	0.037	0.681
126	31	817.532	364.919	0.104	23	20.022	0.050	0.521
127	40	818.375	444.725	0.081	23	23.831	0.042	0.471
128	70	820.386	496.286	0.050	23	35.308	0.028	0.391
129	79	821.487	590.247	0.040	23	63.689	0.016	0.476
130	37	822.473	696.500	0.081	23	32.569	0.031	0.667
131	50	823.440	766.280	0.066	23	35.707	0.028	0.617
132	37	817.554	363.554	0.098	24	21.587	0.046	0.532
133	69	819.370	461.790	0.055	24	32.027	0.031	0.491
134	55	820.500	516.482	0.069	24	27.222	0.037	0.482
135	85	821.441	590.865	0.039	24	62.418	0.016	0.550
136	89	822.309	678.051	0.039	24	40.897	0.024	0.412
137	70	823.414	768.900	0.051	24	38.404	0.026	0.479
138	34	824.324	829.824	0.096	24	18.578	0.054	0.581
139	41	824.378	863.329	0.089	24	24.383	0.041	0.594
140	27	825.426	925.463	0.123	24	19.272	0.052	0.557
141	21	828.595	310.833	0.161	28	13.472	0.074	0.627
142	39	829.526	397.038	0.081	28	32.911	0.030	0.678
143	58	830.603	516.931	0.057	28	33.619	0.030	0.466
144	59	831.602	601.839	0.056	28	34.845	0.029	0.504
145	25	832.500	672.140	0.134	28	16.052	0.062	0.532
146	44	833.591	778.614	0.078	28	28.486	0.035	0.603
147	20	834.550	891.900	0.160	28	15.828	0.063	0.690
148	33	835.561	950.288	0.100	28	25.193	0.040	0.688
149	26	830.538	521.962	0.122	29	21.786	0.046	0.684
150	48	328.042	11.479	0.419	49	1.620	0.617	0.636
151	393	330.396	83.744	0.389	50	1.201	0.833	0.784
152	71	1327.542	2.627	0.624	51	2.152	0.465	0.877
153	388	332.575	155.304	0.483	51	1.185	0.844	0.802
154	78	813.423	35.128	0.044	52	52.611	0.019	0.598
155	558	1329.828	87.783	0.635	52	1.801	0.555	0.913
156	1445	820.544	537.922	0.005	52	264.153	0.004	0.338
157	395	335.791	227.495	0.328	52	1.103	0.906	0.793
158	30	825.500	275.000	0.102	52	30.000	0.033	1.000
159	25	825.500	307.500	0.122	52	25.000	0.040	1.000
160	827	829.024	665.985	0.005	52	405.310	0.002	0.452
161	20	798.400	341.700	0.403	52	3.497	0.286	0.667
162	65	823.362	1036.100	0.062	52	33.399	0.030	0.502
163	22	833.500	1054.000	0.138	52	22.000	0.045	1.000
164	25	824.220	1095.780	0.155	52	11.736	0.085	0.694
165	1393	1225.455	1129.835	0.007	52	234.124	0.004	0.245
166	100	826.580	49.170	0.034	53	71.594	0.014	0.585
167	929	830.220	456.589	0.005	53	396.483	0.003	0.386
168	600	1331.513	188.575	0.645	53	1.720	0.581	0.900
169	482	340.351	300.529	0.222	53	1.151	0.869	0.700
170	47	1.521	632.181	0.120	53	9.083	0.110	0.635
171	26	1.538	652.077	0.272	53	4.465	0.224	0.703
172	42	1.929	669.548	0.158	53	7.316	0.137	0.528
173	34	3.765	817.059	0.103	53	8.903	0.112	0.479
174	81	834.586	870.093	0.043	53	48.660	0.021	0.464
175	21	4.119	870.833	0.243	53	7.106	0.141	0.750
176	42	835.524	941.976	0.075	53	37.278	0.027	0.677
177	24	835.583	974.000	0.140	53	17.001	0.059	0.545
178	26	836.538	1029.731	0.122	53	20.755	0.048	0.684
179	618	1332.547	290.335	0.585	54	1.631	0.613	0.905
180	519	343.862	375.174	0.247	54	1.247	0.802	0.740
181	23	818.761	452.717	0.136	54	12.039	0.083	0.500
182	41	821.476	574.524	0.077	54	36.301	0.028	0.678
183	24	822.375	667.250	0.147	54	13.641	0.073	0.632
184	40	822.400	696.500	0.087	54	25.810	0.039	0.571
185	46	823.500	772.196	0.071	54	36.439	0.027	0.517
186	35	824.414	851.357	0.089	54	19.839	0.050	0.522
187	657	1333.471	393.234	0.488	55	1.606	0.622	0.858
188	521	346.435	450.705	0.215	55	1.175	0.851	0.729
189	1393	1252.082	1133.330	0.005	55	20.181	0.050	0.045
190	685	1334.208	498.005	0.540	56	1.599	0.625	0.875
191	527	350.597	527.103	0.258	56	1.158	0.864	0.694
192	29	455.328	1018.328	0.124	56	4.728	0.212	0.475
193	24	440.625	1019.833	0.232	56	3.707	0.270	0.539
194	29	422.983	1021.155	0.164	56	4.116	0.243	0.569
195	42	405.357	1023.048	0.169	56	5.828	0.172	0.522
196	23	370.239	1026.587	0.180	56	5.031	0.199	0.465
197	52	338.250	1029.615	0.133	56	8.231	0.121	0.550
198	200	260.205	1037.275	0.028	56	29.671	0.034	0.385
199	39	193.962	1043.987	0.146	56	7.486	0.134	0.527
200	36	170.139	1046.250	0.139	56	5.928	0.169	0.450
201	54	140.852	1049.389	0.079	56	12.067	0.083	0.390
202	61	100.828	1053.385	0.075	56	14.573	0.069	0.394
203	37	1498.770	1126.500	0.083	56	28.187	0.035	0.507
204	656	1160.323	1130.555	0.009	56	232.122	0.004	0.364
205	59	1442.381	1127.280	0.073	56	27.762	0.036	0.524
206	29	868.845	1133.431	0.117	56	19.989	0.050	0.690
207	24	892.833	1133.208	0.142	56	11.011	0.091	0.615
208	39	918.577	1133.141	0.150	56	13.270	0.075	0.804
209	30	826.467	14.133	0.106	57	25.092	0.040	0.682
210	46	826.543	52.413	0.071	57	35.889	0.028	0.634
211	24	826.792	84.333	0.207	57	9.682	0.103	0.727
212	928	830.334	466.934	0.005	57	376.699	0.003	0.341
213	21	824.262	445.690	0.286	57	4.408	0.227	0.636
214	696	1334.874	604.154	0.551	57	1.562	0.640	0.893
215	525	354.410	605.395	0.218	57	1.084	0.922	0.729
216	22	1.682	651.864	0.189	57	4.538	0.220	0.595
217	26	2.115	681.308	0.183	57	5.843	0.171	0.486
218	38	826.921	691.079	0.111	57	13.734	0.073	0.710
219	26	826.846	714.038	0.195	57	9.479	0.105	0.743
220	195	835.110	908.326	0.021	57	87.903	0.011	0.375
221	39	828.756	886.885	0.097	57	16.983	0.059	0.678
222	20	828.800	912.100	0.184	57	6.900	0.145	0.588
223	21	836.357	1007.500	0.212	57	8.213	0.122	0.560
224	54	836.611	1042.426	0.067	57	32.917	0.030	0.603
225	36	827.528	180.750	0.088	58	30.401	0.033	0.679
226	609	830.671	506.554	0.007	58	260.784	0.004	0.324
227	551	357.170	684.123	0.231	58	1.266	0.790	0.656
228	694	1335.086	711.333	0.581	58	1.579	0.633	0.886
229	94	833.649	786.447	0.043	58	50.107	0.020	0.501
230	394	835.863	974.500	0.012	58	161.275	0.006	0.386
231	27	817.352	129.019	0.116	59	15.991	0.063	0.614
232	47	817.266	186.372	0.069	59	25.334	0.039	0.570
233	51	817.402	233.225	0.070	59	21.915	0.046	0.459
234	34	817.294	271.647	0.104	59	17.964	0.056	0.591
235	145	817.603	346.610	0.030	59	57.660	0.017	0.444
236	91	826.423	426.764	0.036	59	58.821	0.017	0.472
237	277	820.442	531.532	0.015	59	76.393	0.013	0.315
238	29	827.466	503.638	0.110	59	24.115	0.041	0.682
239	39	827.500	538.500	0.079	59	39.000	0.026	1.000
240	59	828.483	627.822	0.054	59	52.701	0.019	0.674
241	91	822.368	676.335	0.043	59	51.285	0.019	0.472
242	71	829.458	713.923	0.046	59	56.662	0.018	0.530
243	205	823.734	797.534	0.021	59	94.687	0.011	0.443
244	539	360.760	764.038	0.166	59	1.241	0.806	0.667
245	29	830.397	782.603	0.119	59	18.777	0.053	0.574
246	34	830.471	813.029	0.093	59	29.490	0.034	0.680
247	694	1334.718	819.187	0.583	59	1.590	0.629	0.898
248	66	825.424	929.318	0.052	59	45.948	0.022	0.597
249	25	832.500	953.500	0.122	59	25.000	0.040	1.000
250	97	1404.716	1127.593	0.042	59	41.349	0.024	0.412
251	110	1487.355	1126.755	0.039	59	48.477	0.021	0.493
252	26	1546.500	1126.385	0.138	59	15.910	0.063	0.578
253	616	1149.401	1130.677	0.009	59	222.215	0.005	0.398
254	57	871.114	1133.430	0.058	59	41.143	0.024	0.540
255	36	911.750	1133.139	0.132	59	13.323	0.075	0.720
256	532	364.205	844.870	0.190	60	1.174	0.852	0.712
257	697	1334.705	928.236	0.628	60	1.589	0.629	0.897
258	350	1272.203	1129.200	0.014	60	140.308	0.007	0.378
259	82	1520.098	1126.476	0.041	60	57.585	0.017	0.432
260	33	1570.561	1128.621	0.134	60	6.863	0.146	0.407
261	74	1435.068	1127.311	0.055	60	38.699	0.026	0.632
262	23	1472.326	1127.022	0.257	60	7.530	0.133	0.793
263	234	1062.350	1131.761	0.023	60	89.900	0.011	0.467
264	20	891.950	1133.250	0.171	60	10.079	0.099	0.645
265	448	368.350	927.317	0.244	61	1.329	0.753	0.727
266	679	1333.992	1038.541	0.620	61	1.591	0.629	0.899
267	400	371.862	1009.990	0.212	62	1.399	0.715	0.702
268	65	1443.746	1127.238	0.065	63	27.419	0.036	0.512
269	50	1523.620	1126.440	0.071	63	32.034	0.031	0.455
270	49	1567.480	1129.071	0.077	63	7.174	0.139	0.247
271	185	1288.911	1128.992	0.024	63	76.552	0.013	0.385
272	37	1399.932	1127.554	0.097	63	19.419	0.051	0.517
273	55	1170.882	1130.373	0.061	63	26.736	0.037	0.385
274	34	1206.794	1130.059	0.192	63	10.379	0.096	0.840
275	21	1050.690	1131.786	0.220	63	6.872	0.146	0.600
276	57	1088.325	1131.500	0.066	63	32.390	0.031	0.498
277	43	1126.430	1131.012	0.137	63	14.102	0.071	0.789
278	31	982.113	1132.468	0.104	63	25.256	0.040	0.681
279	31	1011.984	1132.339	0.130	63	16.696	0.060	0.660
280	23	1033.717	1132.109	0.173	63	9.211	0.109	0.676
281	43	376.895	1177.221	0.609	64	1.430	0.699	0.775
282	28	829.571	405.250	0.107	66	20.419	0.049	0.667
283	20	821.450	561.900	0.160	68	15.828	0.063	0.690
284	23	821.500	583.500	0.132	68	23.000	0.043	1.000
285	22	823.455	770.045	0.145	68	17.982	0.056	0.688
286	27	824.463	858.796	0.118	68	21.626	0.046	0.684
287	42	378.476	1178.405	0.563	68	2.021	0.495	0.743
288	105	379.995	1172.852	0.813	69	1.350	0.741	0.854
289	90	380.344	1167.589	0.726	70	1.876	0.533	0.857
290	41	380.329	1161.768	0.655	71	1.071	0.934	0.766
291	23	381.283	1160.283	0.855	72	1.482	0.675	0.807
292	37	382.932	1161.446	0.731	76	1.779	0.562	0.804
293	32	379.875	1162.281	0.645	77	1.387	0.721	0.842
294	104	383.077	1168.106	0.723	78	1.374	0.728	0.856
295	95	383.479	1174.742	0.790	79	1.105	0.905	0.837
